2008 Jun 10 17 05 37   93.50  20.82
2008 Jun 25 19 45 52   68.86  19.20
2008 Jun 29 08 22 45  285.74  -1.69
2008 Jul 15 05 26 31  308.45  53.91
2008 Jul 20 04 35 32  285.46  33.62
2008 Aug 01 23 01 33  152.27  11.10
2008 Aug 09 06 16 16  280.28  41.34
2008 Aug 10 12 45 04  347.73  39.46
2008 Sep 24 20 09 22  178.03  20.29
2008 Oct 08 18 20 16  154.49  26.50
2008 Oct 30 17 30 35  152.44  45.84
2008 Nov 08 14 30 41  139.66  28.72
2008 Dec 30 10 49 32  152.30  36.45
2009 Jan 22 22 54 22  311.15  51.06
2009 Feb 12 01 00 17  22.49  80.07
2009 Mar 28 04 36 08  99.16  62.77
2009 Mar 29 03 43 34  119.62  59.19
2009 Apr 28 19 22 32  61.60  42.91
2009 May 19 02 19 52  206.74  24.93
2009 Jun 14 01 33 00  235.00  27.63
2009 Jul 13 04 38 52  239.85  -0.41
2009 Aug 14 10 26 17  305.06  44.36
2009 Aug 15 08 54 55  331.65  18.85
2009 Sep 19 08 45 52  56.47  64.36
2009 Oct 21 10 49 42  82.19  43.12
2009 Nov 26 12 33 08  120.03  46.05
2010 Jan 08 07 17 31  128.77  44.51
2010 Jan 21 03 53 51  78.79  61.43
2010 Feb 22 07 10 34  139.13  49.62
2010 Feb 26 00 11 32  25.28  43.99
2010 Jul 11 03 01 45  212.37  -4.78
2010 Jul 14 17 06 43  144.59  40.66
2010 Aug 05 19 44 07  115.13  -1.45
2010 Aug 29 21 20 45  137.13  41.50
2010 Aug 30 20 50 45  204.00  45.18
2010 Sep 16 20 26 32  129.28  29.13
2010 Sep 19 07 05 00  19.29  32.26
2010 Sep 21 20 37 06  205.08  20.05
2011 Jan 05 00 56 23  359.91  31.47
2011 Jan 08 18 40 41  295.61  43.53
2011 Feb 28 16 16 26  288.30   0.34
2011 Apr 17 20 20 29  82.50  57.70
2011 Jul 13 19 12 34   87.59  81.53
2011 Jul 18 22 16 57  118.41  -1.37
2011 Jul 22 22 15 41  163.67  28.92
2011 Jul 24 23 17 22  197.78   7.74
2011 Jul 28 15 21 08   39.98  34.17
2011 Aug 21 04 52 22  218.81  54.11
2011 Aug 25 22 05 12  168.48  57.92
2011 Aug 28 21 14 19  153.21  19.83
2011 Sep 10 21 16 00  133.62  48.55
2011 Oct 03 17 23 40  161.74  17.39
2011 Oct 21 06 33 06   31.32  49.49
2011 Oct 22 21 23 09  253.12  46.43
2011 Nov 09 16 51 22  156.84  38.82
2011 Nov 17 14 50 55  132.97  52.63
2011 Nov 19 22 39 41  319.95  15.87
2012 Jan 05 16 31 21  226.68  24.50
2012 Mar 13 02 54 54  123.94  22.52
2012 Apr 11 06 20 45  219.66  38.46
2012 May 04 00 18 13  134.84  59.83
2012 Aug 19 00 11 20  210.35  57.55
2012 Sep 07 22 30 26  158.60  60.26
2012 Sep 18 09 00 34  159.75  35.56
2012 Nov 01 09 06 32  47.71  -4.66
2013 Jan 03 09 56 20  66.42  39.00
2013 Mar 14 23 56 46  36.26  17.87
2013 Mar 21 22 45 18  37.59  13.89
2013 Apr 08 03 55 10 218.49  62.54
2013 Apr 22 01 13 31 165.28  52.35
2013 Apr 28 17 05 20  47.08  31.32
